1.000000000000000000e+00
9.999999999999998890e-01
9.887134368816846708e-01
9.920599521863258108e-01
9.940712527169803803e-01
9.924747618906349933e-01
9.924747618906349933e-01
9.924747618906349933e-01
9.924747618906349933e-01
9.924747618906349933e-01
9.924747618906349933e-01
9.924747618906349933e-01
9.924747618906349933e-01
9.846495534138374195e-01
9.966855842076957073e-01
9.952067245710031207e-01
9.999301397046650441e-01
9.995908436396241381e-01
9.995908436396241381e-01
9.995908436396241381e-01
9.995908436396241381e-01
9.995908436396241381e-01
9.995908436396241381e-01
9.995908436396241381e-01
9.995908436396241381e-01
1.009641009421383240e+00
1.013323627146695216e+00
1.017036402942487205e+00
1.018373208282410403e+00
1.014509891044775625e+00
1.014509891044775625e+00
1.014509891044775625e+00
1.014509891044775625e+00
1.014509891044775625e+00
1.014509891044775625e+00
1.014509891044775625e+00
1.014509891044775625e+00
1.028619507222651830e+00
1.029424181290103935e+00
1.027214570031938390e+00
1.026396148952223975e+00
