1.000000000000000000e+00
9.999999999999998890e-01
9.963003157063929915e-01
9.991718199868462325e-01
1.002960744876934873e+00
1.002165022157188723e+00
1.002165022157188723e+00
1.002165022157188723e+00
1.002165022157188723e+00
1.002165022157188723e+00
1.002165022157188723e+00
1.002165022157188723e+00
1.002165022157188723e+00
9.916812609494686237e-01
9.927942202654991277e-01
9.893827862512046822e-01
9.908522666533379208e-01
9.983836308828335504e-01
9.983836308828335504e-01
9.983836308828335504e-01
9.983836308828335504e-01
9.983836308828335504e-01
9.983836308828335504e-01
9.983836308828335504e-01
9.983836308828335504e-01
1.009875086219877316e+00
1.013029368723062928e+00
1.018485910106453174e+00
1.030447647989633175e+00
1.022597757503796112e+00
1.022597757503796112e+00
1.022597757503796112e+00
1.022597757503796112e+00
1.022597757503796112e+00
1.022597757503796112e+00
1.022597757503796112e+00
1.022597757503796112e+00
1.033471740839623676e+00
1.020215157486550339e+00
1.035034228761059882e+00
1.040469095976650271e+00
